100
802
9342
82
761
9843
42
856
9271
93
1074
2724
1332
4727
6546
2007
3200
7082
7334
256
9743
8435
413
3128
1205
4068
4068
4068
462
9190
15
121
9985
71
111
317
2
8666
9073
8445
558
2977
93
542
9086
17
214
9618
12
3276
6272
6438
479
9280
88
6168
6881
5605
215
9603
79
4914
7425
5333
976
9830
34
628
9522
46
8293
8293
8293
30
9948
7
6271
6364
95
3848
4679
52
7290
7886
6110
302
9803
12
683
9974
74
2293
8732
37
142
9235
89
28
9963
2
118
143
27
209
342
66
2303
7583
96
4
9882
1
3443
6752
3169
585
9317
46
454
9466
2
515
9313
22
284
9083
95
29
9968
3
511
9920
57
3653
5457
44
816
9608
87
704
9364
84
22
9901
8
3217
3820
4322
18
9973
4
606
9778
91
415
421
41
1911
5075
5692
1210
9243
39
5780
6502
8922
344
9351
53
4712
9207
31
132
9235
1
1535
4215
3231
180
9906
24
669
9894
49
2827
9185
2027
2971
8403
507
254
4952
6738
30
9941
6
34
9939
5
4223
5611
66
433
9646
85
328
9744
96
340
9352
19
5706
9537
1915
916
9456
93
704
9571
58
555
9133
6
815
9158
9993
2204
2869
2356
129
446
34
605
9548
16
199
9034
62
1939
3968
3167
1741
9098
1498
973
9962
93
5580
9399
5391
6438
8564
6650
835
2951
1745
13
9931
10
33
388
68
77
232
12
5475
6809
4204
4303
4303
4303
3347
5401
5105
221
9537
89
25
9913
9
186
376
12
648
9107
81
1060
5092
7115
382
9414
6
685
9640
21
236
3212
5379
226
9950
94
